function [c] = get_transform(P,Q)


A = [P(1,1) P(1,2) P(1,1)*P(1,1) P(1,2)*P(1,2) P(1,1)*P(1,2) P(1,1)*P(1,1)*P(1,2) P(1,1)*P(1,2)*P(1,2) P(1,1)*P(1,1)*P(1,2)*P(1,2) 1 0 0 0 0 0 0 0 0 0;
     0 0 0 0 0 0 0 0 0 P(1,1) P(1,2) P(1,1)*P(1,1) P(1,2)*P(1,2) P(1,1)*P(1,2) P(1,1)*P(1,1)*P(1,2) P(1,1)*P(1,2)*P(1,2) P(1,1)*P(1,1)*P(1,2)*P(1,2) 1;
     P(2,1) P(2,2) P(2,1)*P(2,1) P(2,2)*P(2,2) P(2,1)*P(2,2) P(2,1)*P(2,1)*P(2,2) P(2,1)*P(2,2)*P(2,2) P(2,1)*P(2,1)*P(2,2)*P(2,2) 1 0 0 0 0 0 0 0 0 0;
     0 0 0 0 0 0 0 0 0 P(2,1) P(2,2) P(2,1)*P(2,1) P(2,2)*P(2,2) P(2,1)*P(2,2) P(2,1)*P(2,1)*P(2,2) P(2,1)*P(2,2)*P(2,2) P(2,1)*P(2,1)*P(2,2)*P(2,2) 1;
     P(3,1) P(3,2) P(3,1)*P(3,1) P(3,2)*P(3,2) P(3,1)*P(3,2) P(3,1)*P(3,1)*P(3,2) P(3,1)*P(3,2)*P(3,2) P(3,1)*P(3,1)*P(3,2)*P(3,2) 1 0 0 0 0 0 0 0 0 0;
     0 0 0 0 0 0 0 0 0 P(3,1) P(3,2) P(3,1)*P(3,1) P(3,2)*P(3,2) P(3,1)*P(3,2) P(3,1)*P(3,1)*P(3,2) P(3,1)*P(3,2)*P(3,2) P(3,1)*P(3,1)*P(3,2)*P(3,2) 1;
     P(4,1) P(4,2) P(4,1)*P(4,1) P(4,2)*P(4,2) P(4,1)*P(4,2) P(4,1)*P(4,1)*P(4,2) P(4,1)*P(4,2)*P(4,2) P(4,1)*P(4,1)*P(4,2)*P(4,2) 1 0 0 0 0 0 0 0 0 0;
     0 0 0 0 0 0 0 0 0 P(4,1) P(4,2) P(4,1)*P(4,1) P(4,2)*P(4,2) P(4,1)*P(4,2) P(4,1)*P(4,1)*P(4,2) P(4,1)*P(4,2)*P(4,2) P(4,1)*P(4,1)*P(4,2)*P(4,2) 1;
     P(5,1) P(5,2) P(5,1)*P(5,1) P(5,2)*P(5,2) P(5,1)*P(5,2) P(5,1)*P(5,1)*P(5,2) P(5,1)*P(5,2)*P(5,2) P(5,1)*P(5,1)*P(5,2)*P(5,2) 1 0 0 0 0 0 0 0 0 0;
     0 0 0 0 0 0 0 0 0 P(5,1) P(5,2) P(5,1)*P(5,1) P(5,2)*P(5,2) P(5,1)*P(5,2) P(5,1)*P(5,1)*P(5,2) P(5,1)*P(5,2)*P(5,2) P(5,1)*P(5,1)*P(5,2)*P(5,2) 1;
     P(6,1) P(6,2) P(6,1)*P(6,1) P(6,2)*P(6,2) P(6,1)*P(6,2) P(6,1)*P(6,1)*P(6,2) P(6,1)*P(6,2)*P(6,2) P(6,1)*P(6,1)*P(6,2)*P(6,2) 1 0 0 0 0 0 0 0 0 0;
     0 0 0 0 0 0 0 0 0 P(6,1) P(6,2) P(6,1)*P(6,1) P(6,2)*P(6,2) P(6,1)*P(6,2) P(6,1)*P(6,1)*P(6,2) P(6,1)*P(6,2)*P(6,2) P(6,1)*P(6,1)*P(6,2)*P(6,2) 1;
     P(7,1) P(7,2) P(7,1)*P(7,1) P(7,2)*P(7,2) P(7,1)*P(7,2) P(7,1)*P(7,1)*P(7,2) P(7,1)*P(7,2)*P(7,2) P(7,1)*P(7,1)*P(7,2)*P(7,2) 1 0 0 0 0 0 0 0 0 0;
     0 0 0 0 0 0 0 0 0 P(7,1) P(7,2) P(7,1)*P(7,1) P(7,2)*P(7,2) P(7,1)*P(7,2) P(7,1)*P(7,1)*P(7,2) P(7,1)*P(7,2)*P(7,2) P(7,1)*P(7,1)*P(7,2)*P(7,2) 1;
     P(8,1) P(8,2) P(8,1)*P(8,1) P(8,2)*P(8,2) P(8,1)*P(8,2) P(8,1)*P(8,1)*P(8,2) P(8,1)*P(8,2)*P(8,2) P(8,1)*P(8,1)*P(8,2)*P(8,2) 1 0 0 0 0 0 0 0 0 0;
     0 0 0 0 0 0 0 0 0 P(8,1) P(8,2) P(8,1)*P(8,1) P(8,2)*P(8,2) P(8,1)*P(8,2) P(8,1)*P(8,1)*P(8,2) P(8,1)*P(8,2)*P(8,2) P(8,1)*P(8,1)*P(8,2)*P(8,2) 1;
     P(9,1) P(9,2) P(9,1)*P(9,1) P(9,2)*P(9,2) P(9,1)*P(9,2) P(9,1)*P(9,1)*P(9,2) P(9,1)*P(9,2)*P(9,2) P(9,1)*P(9,1)*P(9,2)*P(9,2) 1 0 0 0 0 0 0 0 0 0;
     0 0 0 0 0 0 0 0 0 P(9,1) P(9,2) P(9,1)*P(9,1) P(9,2)*P(9,2) P(9,1)*P(9,2) P(9,1)*P(9,1)*P(9,2) P(9,1)*P(9,2)*P(9,2) P(9,1)*P(9,1)*P(9,2)*P(9,2) 1];
 
 
Q_new = [Q(1,1);
     Q(1,2);
     Q(2,1);
     Q(2,2);
     Q(3,1);
     Q(3,2);
     Q(4,1);
     Q(4,2);
     Q(5,1);
     Q(5,2);
     Q(6,1);
     Q(6,2);
     Q(7,1);
     Q(7,2);
     Q(8,1);
     Q(8,2);
     Q(9,1);
     Q(9,2)];
 
 
 c = A\Q_new;

end